Sample	FastQC_mqc-generalstats-fastqc-percent_duplicates	FastQC_mqc-generalstats-fastqc-percent_gc	FastQC_mqc-generalstats-fastqc-avg_sequence_length	FastQC_mqc-generalstats-fastqc-percent_fails	FastQC_mqc-generalstats-fastqc-total_sequences
16S_FCS_Hsap_S1_scAem_plus10d_Rep1_01-plus10_R1_raw	92.73003238798657	54.0	299.950216915851	45.45454545454545	167346.0
16S_FCS_Hsap_S1_scAem_plus10d_Rep1_01-plus10_R2_raw	81.96013050804919	55.0	299.7024786968317	45.45454545454545	167346.0
16S_FCS_Hsap_S1_scAem_plus3mon_Rep1_01-plus3m_R1_raw	90.89020924825627	53.0	299.7699922500646	45.45454545454545	96775.0
16S_FCS_Hsap_S1_scAem_plus3mon_Rep1_01-plus3m_R2_raw	80.90415913200724	54.0	299.5436011366572	45.45454545454545	96775.0
16S_FCS_Hsap_S1_scAem_plus6mon_Rep1_01-plus6m_R1_raw	90.71388803483434	52.0	299.5309661711304	45.45454545454545	120341.0
16S_FCS_Hsap_S1_scAem_plus6mon_Rep1_01-plus6m_R2_raw	80.62671907330004	54.0	299.3085066602405	45.45454545454545	120341.0
16S_FCS_Hsap_S1_scWim_120d_Rep1_01-120_R1_raw	91.88673242125358	52.0	299.6806594018454	45.45454545454545	150864.0
16S_FCS_Hsap_S1_scWim_120d_Rep1_01-120_R2_raw	82.27211263124403	54.0	299.47690635274154	45.45454545454545	150864.0
16S_FCS_Hsap_S1_scWim_14d_Rep1_01-14_R1_raw	91.8477431472677	53.0	299.6464518401127	45.45454545454545	170370.0
16S_FCS_Hsap_S1_scWim_14d_Rep1_01-14_R2_raw	82.04085226272231	54.0	299.4637553559899	45.45454545454545	170370.0
16S_FCS_Hsap_S1_scWim_150d_Rep1_01-150_R1_raw	89.7941269253453	53.0	299.79420921971223	45.45454545454545	72909.0
16S_FCS_Hsap_S1_scWim_150d_Rep1_01-150_R2_raw	80.30695798872567	54.0	299.6343798433664	45.45454545454545	72909.0
16S_FCS_Hsap_S1_scWim_180d_Rep1_01-180_R1_raw	89.97655695733982	53.0	299.7606033498874	45.45454545454545	64838.0
16S_FCS_Hsap_S1_scWim_180d_Rep1_01-180_R2_raw	78.97066535056602	54.0	299.5065702211666	45.45454545454545	64838.0
16S_FCS_Hsap_S1_scWim_210d_Rep1_01-210_R1_raw	89.78779159387524	53.0	299.9381101633953	45.45454545454545	77848.0
16S_FCS_Hsap_S1_scWim_210d_Rep1_01-210_R2_raw	80.05986024046861	54.0	299.80229421436644	45.45454545454545	77848.0
16S_FCS_Hsap_S1_scWim_21d_Rep1_01-21_R1_raw	92.68866667850736	53.0	299.46452231675045	45.45454545454545	225212.0
16S_FCS_Hsap_S1_scWim_21d_Rep1_01-21_R2_raw	81.592455108964	54.0	299.2951885334707	45.45454545454545	225212.0
16S_FCS_Hsap_S1_scWim_300d_Rep1_01-300_R1_raw	91.53988787011622	54.0	297.7456856275185	45.45454545454545	136984.0
16S_FCS_Hsap_S1_scWim_300d_Rep1_01-300_R2_raw	81.11312270046136	55.0	297.77697395316244	45.45454545454545	136984.0
16S_FCS_Hsap_S1_scWim_30d_Rep1_01-30_R1_raw	92.26135356122549	53.0	299.9002364299084	45.45454545454545	203020.0
16S_FCS_Hsap_S1_scWim_30d_Rep1_01-30_R2_raw	81.95054674416313	54.0	299.7656585558073	45.45454545454545	203020.0
16S_FCS_Hsap_S1_scWim_330d_Rep1_01-330_R1_raw	90.46349100520281	53.0	299.96609241246296	45.45454545454545	83993.0
16S_FCS_Hsap_S1_scWim_330d_Rep1_01-330_R2_raw	80.60790780184064	54.0	299.73615658447727	45.45454545454545	83993.0
16S_FCS_Hsap_S1_scWim_360d_Rep1_01-360_R1_raw	89.58044442407086	53.0	299.5288623523075	45.45454545454545	87259.0
16S_FCS_Hsap_S1_scWim_360d_Rep1_01-360_R2_raw	80.4295258941771	54.0	299.6906336309149	45.45454545454545	87259.0
16S_FCS_Hsap_S1_scWim_390d_Rep1_01-390_R1_raw	88.66012783128626	54.0	292.64808105799534	45.45454545454545	67902.0
16S_FCS_Hsap_S1_scWim_390d_Rep1_01-390_R2_raw	79.42328650113399	54.0	292.70174663485614	45.45454545454545	67902.0
16S_FCS_Hsap_S1_scWim_420d_Rep1_01-420_R1_raw	92.02536151279199	53.0	299.39362402669633	45.45454545454545	224750.0
16S_FCS_Hsap_S1_scWim_420d_Rep1_01-420_R2_raw	82.13971078976641	53.0	299.52945050055615	45.45454545454545	224750.0
16S_FCS_Hsap_S1_scWim_450d_Rep1_01-450_R1_raw	92.23330295801038	53.0	299.56127965433564	45.45454545454545	195334.0
16S_FCS_Hsap_S1_scWim_450d_Rep1_01-450_R2_raw	82.32156204245037	54.0	299.5053395722199	45.45454545454545	195334.0
16S_FCS_Hsap_S1_scWim_45d_Rep1_01-45_R1_raw	91.13455794795713	53.0	299.18241357096844	45.45454545454545	102454.0
16S_FCS_Hsap_S1_scWim_45d_Rep1_01-45_R2_raw	80.1081460948328	54.0	298.9949440724618	45.45454545454545	102454.0
16S_FCS_Hsap_S1_scWim_490d_Rep1_01-490_R1_raw	91.75554817612328	53.0	299.1996667998717	45.45454545454545	177671.0
16S_FCS_Hsap_S1_scWim_490d_Rep1_01-490_R2_raw	80.6254256462788	54.0	299.21998525364296	45.45454545454545	177671.0
16S_FCS_Hsap_S1_scWim_504d_Rep1_01-504_R1_raw	92.07732130353433	53.0	299.89944557319467	45.45454545454545	174234.0
16S_FCS_Hsap_S1_scWim_504d_Rep1_01-504_R2_raw	81.36529035664681	54.0	299.7606207743609	45.45454545454545	174234.0
16S_FCS_Hsap_S1_scWim_520d_Rep1_01-520_R1_raw	92.31178543179693	53.0	299.3926727547278	45.45454545454545	139070.0
16S_FCS_Hsap_S1_scWim_520d_Rep1_01-520_R2_raw	81.50715467030992	54.0	299.26449989214063	45.45454545454545	139070.0
16S_FCS_Hsap_S1_scWim_60d_Rep1_01-60_R1_raw	91.28827652751369	53.0	299.9549621136873	45.45454545454545	140948.0
16S_FCS_Hsap_S1_scWim_60d_Rep1_01-60_R2_raw	81.25549848170957	55.0	299.706175327071	45.45454545454545	140948.0
16S_FCS_Hsap_S1_scWim_75d_Rep1_01-75_R1_raw	90.96741798705646	52.0	299.77157522236746	45.45454545454545	125468.0
16S_FCS_Hsap_S1_scWim_75d_Rep1_01-75_R2_raw	81.00551535052762	54.0	299.5790161634839	45.45454545454545	125468.0
16S_FCS_Hsap_S1_scWim_7d_Rep1_01-7_R1_raw	91.64581684495391	53.0	299.4926919247364	45.45454545454545	156676.0
16S_FCS_Hsap_S1_scWim_7d_Rep1_01-7_R2_raw	81.4406801296944	54.0	299.33350353595955	45.45454545454545	156676.0
16S_FCS_Hsap_S1_scWim_90d_Rep1_01-90_R1_raw	92.02365308804205	53.0	299.8869108152888	45.45454545454545	175030.0
16S_FCS_Hsap_S1_scWim_90d_Rep1_01-90_R2_raw	81.86882248757357	54.0	299.69012740673026	45.45454545454545	175030.0
16S_FCS_Hsap_S2_scAem_plus10d_Rep2_02-plus10_R1_raw	90.63779742528929	54.0	299.13660037381607	45.45454545454545	95234.0
16S_FCS_Hsap_S2_scAem_plus10d_Rep2_02-plus10_R2_raw	80.41350778083458	55.0	299.03118634101264	45.45454545454545	95234.0
16S_FCS_Hsap_S2_scAem_plus3mon_Rep2_02-plus3m_R1_raw	91.24661705006766	54.0	298.738282691598	45.45454545454545	130064.0
16S_FCS_Hsap_S2_scAem_plus3mon_Rep2_02-plus3m_R2_raw	81.15927543363267	55.0	298.5837741419609	45.45454545454545	130064.0
16S_FCS_Hsap_S2_scAem_plus6mon_Rep2_02-plus6m_R1_raw	90.93304170601978	54.0	298.25629353993423	45.45454545454545	140819.0
16S_FCS_Hsap_S2_scAem_plus6mon_Rep2_02-plus6m_R2_raw	81.78725882160788	55.0	298.12523168038405	45.45454545454545	140819.0
16S_FCS_Hsap_S2_scWim_120d_Rep2_02-120_R1_raw	91.986976658871	54.0	298.78335396890907	45.45454545454545	109035.0
16S_FCS_Hsap_S2_scWim_120d_Rep2_02-120_R2_raw	82.5257944696657	55.0	298.596450680974	45.45454545454545	109035.0
16S_FCS_Hsap_S2_scWim_14d_Rep2_02-14_R1_raw	92.00137168331261	54.0	297.1530198465429	45.45454545454545	116645.0
16S_FCS_Hsap_S2_scWim_14d_Rep2_02-14_R2_raw	78.72433451926787	56.0	297.5313043851001	45.45454545454545	116645.0
16S_FCS_Hsap_S2_scWim_150d_Rep2_02-150_R1_raw	92.50478991823407	54.0	298.3046185605958	45.45454545454545	148228.0
16S_FCS_Hsap_S2_scWim_150d_Rep2_02-150_R2_raw	83.02142645114284	56.0	298.1957255039534	45.45454545454545	148228.0
16S_FCS_Hsap_S2_scWim_180d_Rep2_02-180_R1_raw	92.75228134629059	54.0	299.1774413368097	45.45454545454545	135008.0
16S_FCS_Hsap_S2_scWim_180d_Rep2_02-180_R2_raw	81.53887177056174	55.0	298.9688462905902	45.45454545454545	135008.0
16S_FCS_Hsap_S2_scWim_1d_Rep1_02-1_R1_raw	90.89632165744887	55.0	298.5686214262722	45.45454545454545	68346.0
16S_FCS_Hsap_S2_scWim_1d_Rep1_02-1_R2_raw	80.53580311942176	56.0	298.3575190940216	45.45454545454545	68346.0
16S_FCS_Hsap_S2_scWim_210d_Rep2_02-210_R1_raw	92.49357290560555	54.0	297.96837450399596	45.45454545454545	143144.0
16S_FCS_Hsap_S2_scWim_210d_Rep2_02-210_R2_raw	82.79494774492818	56.0	297.8794430782988	45.45454545454545	143144.0
16S_FCS_Hsap_S2_scWim_21d_Rep2_02-21_R1_raw	91.73290757977217	54.0	297.6037547840659	45.45454545454545	88314.0
16S_FCS_Hsap_S2_scWim_21d_Rep2_02-21_R2_raw	81.29628371492629	55.0	297.3988269130602	45.45454545454545	88314.0
16S_FCS_Hsap_S2_scWim_240d_Rep1_02-240_R1_raw	92.22484143625542	54.0	298.9112368623263	45.45454545454545	153566.0
16S_FCS_Hsap_S2_scWim_240d_Rep1_02-240_R2_raw	82.020108617793	55.0	298.8412669471107	45.45454545454545	153566.0
16S_FCS_Hsap_S2_scWim_270d_Rep1_02-270_R1_raw	91.30850690162845	54.0	297.6425502021538	45.45454545454545	133809.0
16S_FCS_Hsap_S2_scWim_270d_Rep1_02-270_R2_raw	82.11405809773632	55.0	297.6323192012495	45.45454545454545	133809.0
16S_FCS_Hsap_S2_scWim_300d_Rep2_02-300_R1_raw	90.90395689447664	54.0	296.09324717166294	45.45454545454545	108014.0
16S_FCS_Hsap_S2_scWim_300d_Rep2_02-300_R2_raw	82.11435554650323	55.0	296.24792156572295	45.45454545454545	108014.0
16S_FCS_Hsap_S2_scWim_30d_Rep2_02-30_R1_raw	89.72893441231396	54.0	299.027144285364	45.45454545454545	53013.0
16S_FCS_Hsap_S2_scWim_30d_Rep2_02-30_R2_raw	57.500990323128285	57.0	299.3156584234056	45.45454545454545	53013.0
16S_FCS_Hsap_S2_scWim_330d_Rep2_02-330_R1_raw	90.95021277862095	55.0	295.63411996944717	45.45454545454545	100809.0
16S_FCS_Hsap_S2_scWim_330d_Rep2_02-330_R2_raw	80.986816653275	56.0	295.7672727633445	45.45454545454545	100809.0
16S_FCS_Hsap_S2_scWim_360d_Rep2_02-360_R1_raw	91.28554316630624	55.0	296.7147060478652	45.45454545454545	124391.0
16S_FCS_Hsap_S2_scWim_360d_Rep2_02-360_R2_raw	81.53162206268942	55.0	296.78325602334576	45.45454545454545	124391.0
16S_FCS_Hsap_S2_scWim_390d_Rep2_02-390_R1_raw	92.45884719975416	55.0	296.5618640087669	45.45454545454545	172467.0
16S_FCS_Hsap_S2_scWim_390d_Rep2_02-390_R2_raw	82.48128627505551	56.0	296.6101283144022	45.45454545454545	172467.0
16S_FCS_Hsap_S2_scWim_420d_Rep2_02-420_R1_raw	92.65234735787136	54.0	297.6453416393185	45.45454545454545	203548.0
16S_FCS_Hsap_S2_scWim_420d_Rep2_02-420_R2_raw	81.88289740012183	56.0	297.6450124786291	45.45454545454545	203548.0
16S_FCS_Hsap_S2_scWim_450d_Rep2_02-450_R1_raw	91.60016799664007	54.0	297.8520819057303	45.45454545454545	135717.0
16S_FCS_Hsap_S2_scWim_450d_Rep2_02-450_R2_raw	81.13648253350723	55.0	297.8305591782901	45.45454545454545	135717.0
16S_FCS_Hsap_S2_scWim_45d_Rep2_02-45_R1_raw	92.3689317024152	55.0	297.3464257250771	45.45454545454545	115436.0
16S_FCS_Hsap_S2_scWim_45d_Rep2_02-45_R2_raw	82.25336983263453	56.0	297.20951869434145	45.45454545454545	115436.0
16S_FCS_Hsap_S2_scWim_490d_Rep2_02-490_R1_raw	92.0679847572762	54.0	297.00922985585686	45.45454545454545	144856.0
16S_FCS_Hsap_S2_scWim_490d_Rep2_02-490_R2_raw	81.29935936378196	55.0	297.02989175457003	45.45454545454545	144856.0
16S_FCS_Hsap_S2_scWim_504d_Rep2_02-504_R1_raw	90.72323861424678	54.0	297.59900350330867	45.45454545454545	128450.0
16S_FCS_Hsap_S2_scWim_504d_Rep2_02-504_R2_raw	80.78941222265473	55.0	297.65894900739585	45.45454545454545	128450.0
16S_FCS_Hsap_S2_scWim_520d_Rep2_02-520_R1_raw	91.78338608342388	53.0	299.6706681940573	45.45454545454545	169352.0
16S_FCS_Hsap_S2_scWim_520d_Rep2_02-520_R2_raw	81.79885681893334	54.0	299.6651176248288	45.45454545454545	169352.0
16S_FCS_Hsap_S2_scWim_60d_Rep2_02-60_R1_raw	92.30575347777616	55.0	296.64429256943436	45.45454545454545	103155.0
16S_FCS_Hsap_S2_scWim_60d_Rep2_02-60_R2_raw	82.32077940962628	56.0	296.57267219233194	45.45454545454545	103155.0
16S_FCS_Hsap_S2_scWim_7d_Rep2_02-7_R1_raw	91.81175294976748	54.0	297.7979937737807	45.45454545454545	104076.0
16S_FCS_Hsap_S2_scWim_7d_Rep2_02-7_R2_raw	82.20146815788462	56.0	297.60022483569696	45.45454545454545	104076.0
16S_FCS_Hsap_S2_scWim_90d_Rep2_02-90_R1_raw	91.51230949589683	55.0	295.1656450622453	45.45454545454545	89565.0
16S_FCS_Hsap_S2_scWim_90d_Rep2_02-90_R2_raw	80.99815776251884	56.0	295.2447496231787	45.45454545454545	89565.0
16S_FCS_Hsap_S3_scAem_plus10d_Rep3_03-plus10_R1_raw	94.03743959534526	54.0	299.6824596925949	45.45454545454545	265708.0
16S_FCS_Hsap_S3_scAem_plus10d_Rep3_03-plus10_R2_raw	83.29707799539344	55.0	299.60653800412484	45.45454545454545	265708.0
16S_FCS_Hsap_S3_scAem_plus3mon_Rep3_03-plus3m_R1_raw	93.70520058824134	52.0	300.05268805040504	45.45454545454545	291717.0
16S_FCS_Hsap_S3_scAem_plus3mon_Rep3_03-plus3m_R2_raw	83.55460943311498	54.0	299.838189066801	45.45454545454545	291717.0
16S_FCS_Hsap_S3_scAem_plus6mon_Rep3_03-plus6m_R1_raw	93.03307707869715	53.0	300.0122901072223	45.45454545454545	237264.0
16S_FCS_Hsap_S3_scAem_plus6mon_Rep3_03-plus6m_R2_raw	83.3447130622429	54.0	299.7601616764448	45.45454545454545	237264.0
16S_FCS_Hsap_S3_scBem_minus10d_Rep1_03-minus10_R1_raw	93.47132961280082	53.0	300.55073887592613	45.45454545454545	219861.0
16S_FCS_Hsap_S3_scBem_minus10d_Rep1_03-minus10_R2_raw	83.3799536980183	54.0	300.3305452081088	45.45454545454545	219861.0
16S_FCS_Hsap_S3_scWim_120d_Rep3_03-120_R1_raw	92.93078596806919	53.0	300.15951635559065	45.45454545454545	108923.0
16S_FCS_Hsap_S3_scWim_120d_Rep3_03-120_R2_raw	81.77611707352901	54.0	299.9552252508653	45.45454545454545	108923.0
16S_FCS_Hsap_S3_scWim_14d_Rep3_03-14_R1_raw	94.17575535062522	53.0	300.0492538280457	45.45454545454545	231515.0
16S_FCS_Hsap_S3_scWim_14d_Rep3_03-14_R2_raw	84.69602401572253	54.0	299.90888279377145	45.45454545454545	231515.0
16S_FCS_Hsap_S3_scWim_150d_Rep3_03-150_R1_raw	92.55394662123793	54.0	300.5209555807937	45.45454545454545	126792.0
16S_FCS_Hsap_S3_scWim_150d_Rep3_03-150_R2_raw	82.02252508044671	55.0	300.2362767367026	45.45454545454545	126792.0
16S_FCS_Hsap_S3_scWim_180d_Rep3_03-180_R1_raw	92.14471470093315	54.0	300.0367778287696	45.45454545454545	78444.0
16S_FCS_Hsap_S3_scWim_180d_Rep3_03-180_R2_raw	81.17255621844883	55.0	299.81389271327316	45.45454545454545	78444.0
16S_FCS_Hsap_S3_scWim_1d_Rep2_03-1_R1_raw	92.84573098540098	53.0	299.75890707592634	45.45454545454545	227207.0
16S_FCS_Hsap_S3_scWim_1d_Rep2_03-1_R2_raw	83.67083760623572	54.0	299.9376603713794	45.45454545454545	227207.0
16S_FCS_Hsap_S3_scWim_210d_Rep3_03-210_R1_raw	91.52693589440814	54.0	300.11990605893624	45.45454545454545	76218.0
16S_FCS_Hsap_S3_scWim_210d_Rep3_03-210_R2_raw	80.63318376236585	55.0	299.8792411241439	45.45454545454545	76218.0
16S_FCS_Hsap_S3_scWim_21d_Rep3_03-21_R1_raw	93.28731870375809	53.0	299.7631854990979	45.45454545454545	142998.0
16S_FCS_Hsap_S3_scWim_21d_Rep3_03-21_R2_raw	84.02704932936125	54.0	299.73399627966825	45.45454545454545	142998.0
16S_FCS_Hsap_S3_scWim_240d_Rep2_03-240_R1_raw	94.13175756973861	54.0	299.92058411223877	45.45454545454545	261799.0
16S_FCS_Hsap_S3_scWim_240d_Rep2_03-240_R2_raw	83.5904644402767	55.0	299.65007505758234	45.45454545454545	261799.0
16S_FCS_Hsap_S3_scWim_270d_Rep2_03-270_R1_raw	93.13105094636327	54.0	299.5299586972585	45.45454545454545	211124.0
16S_FCS_Hsap_S3_scWim_270d_Rep2_03-270_R2_raw	82.95077774199049	55.0	299.443232413179	45.45454545454545	211124.0
16S_FCS_Hsap_S3_scWim_300d_Rep3_03-300_R1_raw	93.9468525270819	55.0	299.7897943750572	45.45454545454545	207611.0
16S_FCS_Hsap_S3_scWim_300d_Rep3_03-300_R2_raw	82.63531315778066	55.0	299.5385311953606	45.45454545454545	207611.0
16S_FCS_Hsap_S3_scWim_30d_Rep3_03-30_R1_raw	93.32739999518918	54.0	300.0706227599644	45.45454545454545	166292.0
16S_FCS_Hsap_S3_scWim_30d_Rep3_03-30_R2_raw	83.45139874437736	55.0	299.81082072498975	45.45454545454545	166292.0
16S_FCS_Hsap_S3_scWim_330d_Rep3_03-330_R1_raw	93.41333655764464	54.0	300.16480865727584	45.45454545454545	165410.0
16S_FCS_Hsap_S3_scWim_330d_Rep3_03-330_R2_raw	82.63285170183181	55.0	299.851314914455	45.45454545454545	165410.0
16S_FCS_Hsap_S3_scWim_360d_Rep3_03-360_R1_raw	92.58052811268163	54.0	299.8876729725718	45.45454545454545	121262.0
16S_FCS_Hsap_S3_scWim_360d_Rep3_03-360_R2_raw	82.12960366809058	55.0	299.6750589632366	45.45454545454545	121262.0
16S_FCS_Hsap_S3_scWim_390d_Rep3_03-390_R1_raw	92.31009924427424	54.0	300.07007638884164	45.45454545454545	147011.0
16S_FCS_Hsap_S3_scWim_390d_Rep3_03-390_R2_raw	82.39315425376333	55.0	299.8579289985103	45.45454545454545	147011.0
16S_FCS_Hsap_S3_scWim_420d_Rep3_03-420_R1_raw	92.21213346186137	54.0	300.0803274355546	45.45454545454545	128636.0
16S_FCS_Hsap_S3_scWim_420d_Rep3_03-420_R2_raw	82.68913834385398	55.0	299.75778942131285	45.45454545454545	128636.0
16S_FCS_Hsap_S3_scWim_450d_Rep3_03-450_R1_raw	92.0093040532772	54.0	299.863481590887	45.45454545454545	113069.0
16S_FCS_Hsap_S3_scWim_450d_Rep3_03-450_R2_raw	81.9782610618295	55.0	299.6746588366396	45.45454545454545	113069.0
16S_FCS_Hsap_S3_scWim_45d_Rep3_03-45_R1_raw	93.50996133372635	54.0	300.27080262861307	45.45454545454545	115346.0
16S_FCS_Hsap_S3_scWim_45d_Rep3_03-45_R2_raw	82.76749952317375	55.0	299.97694761846964	45.45454545454545	115346.0
16S_FCS_Hsap_S3_scWim_490d_Rep3_03-490_R1_raw	93.74815320395703	53.0	299.9719287001469	45.45454545454545	240281.0
16S_FCS_Hsap_S3_scWim_490d_Rep3_03-490_R2_raw	83.51887997802572	54.0	299.8472080605624	45.45454545454545	240281.0
16S_FCS_Hsap_S3_scWim_504d_Rep3_03-504_R1_raw	93.37460256286732	54.0	300.20420079005686	45.45454545454545	207580.0
16S_FCS_Hsap_S3_scWim_504d_Rep3_03-504_R2_raw	82.55515945659505	55.0	299.9476009249446	45.45454545454545	207580.0
16S_FCS_Hsap_S3_scWim_520d_Rep3_03-520_R1_raw	94.73323882557365	54.0	300.20325121576417	45.45454545454545	268761.0
16S_FCS_Hsap_S3_scWim_520d_Rep3_03-520_R2_raw	83.46821153366746	55.0	299.99716476720954	45.45454545454545	268761.0
16S_FCS_Hsap_S3_scWim_60d_Rep3_03-60_R1_raw	93.7924589872141	54.0	300.45461152807854	45.45454545454545	134836.0
16S_FCS_Hsap_S3_scWim_60d_Rep3_03-60_R2_raw	83.13358450265508	55.0	300.1092957370435	45.45454545454545	134836.0
16S_FCS_Hsap_S3_scWim_75d_Rep3_03-75_R1_raw	94.1220722868907	54.0	300.32650676052367	45.45454545454545	148879.0
16S_FCS_Hsap_S3_scWim_75d_Rep3_03-75_R2_raw	82.51533124214967	55.0	300.0283653168009	45.45454545454545	148879.0
16S_FCS_Hsap_S3_scWim_7d_Rep3_03-7_R1_raw	93.10179828884033	53.0	299.9828955449858	45.45454545454545	140022.0
16S_FCS_Hsap_S3_scWim_7d_Rep3_03-7_R2_raw	84.03179500364229	54.0	299.8568796332005	45.45454545454545	140022.0
16S_FCS_Hsap_S3_scWim_90d_Rep3_03-90_R1_raw	93.19894724249312	54.0	300.3809666228018	45.45454545454545	100308.0
16S_FCS_Hsap_S3_scWim_90d_Rep3_03-90_R2_raw	82.01140487299119	55.0	300.0656577740559	45.45454545454545	100308.0
16S_FCS_Hsap_S4_scAem_plus10d_Rep4_04-plus10_R1_raw	91.59239700811274	54.0	299.06147028936016	45.45454545454545	60029.0
16S_FCS_Hsap_S4_scAem_plus10d_Rep4_04-plus10_R2_raw	81.4006563494311	55.0	298.8458744939946	45.45454545454545	60029.0
16S_FCS_Hsap_S4_scAem_plus3mon_Rep4_04-plus3m_R1_raw	91.53740334898724	54.0	297.3425359328305	45.45454545454545	63243.0
16S_FCS_Hsap_S4_scAem_plus3mon_Rep4_04-plus3m_R2_raw	81.7276220293155	55.0	297.025805227456	45.45454545454545	63243.0
16S_FCS_Hsap_S4_scBem_minus10d_Rep2_04-minus10_R1_raw	92.9274719179032	53.0	299.450723431794	45.45454545454545	129798.0
16S_FCS_Hsap_S4_scBem_minus10d_Rep2_04-minus10_R2_raw	82.23624400992311	55.0	299.1355182668454	45.45454545454545	129798.0
16S_FCS_Hsap_S4_scWim_120d_Rep4_04-120_R1_raw	91.79015419888931	54.0	299.7388015523252	45.45454545454545	106421.0
16S_FCS_Hsap_S4_scWim_120d_Rep4_04-120_R2_raw	82.1990020766578	54.0	299.4597306922506	45.45454545454545	106421.0
16S_FCS_Hsap_S4_scWim_14d_Rep4_04-14_R1_raw	93.14404175767223	54.0	300.11891311590716	45.45454545454545	135065.0
16S_FCS_Hsap_S4_scWim_14d_Rep4_04-14_R2_raw	83.17180616740089	55.0	299.8037463443527	45.45454545454545	135065.0
16S_FCS_Hsap_S4_scWim_150d_Rep4_04-150_R1_raw	92.63636835201969	54.0	299.9080750220457	45.45454545454545	134947.0
16S_FCS_Hsap_S4_scWim_150d_Rep4_04-150_R2_raw	82.66356421409887	55.0	299.6712857640407	45.45454545454545	134947.0
16S_FCS_Hsap_S4_scWim_180d_Rep4_04-180_R1_raw	92.61966429247397	54.0	299.3377870199731	45.45454545454545	80308.0
16S_FCS_Hsap_S4_scWim_180d_Rep4_04-180_R2_raw	81.65687104647108	55.0	298.9985306569707	45.45454545454545	80308.0
16S_FCS_Hsap_S4_scWim_1d_Rep3_04-1_R1_raw	91.77209258738637	54.0	299.78118264455065	45.45454545454545	85368.0
16S_FCS_Hsap_S4_scWim_1d_Rep3_04-1_R2_raw	80.44934870208978	55.0	299.4997657201762	45.45454545454545	85368.0
16S_FCS_Hsap_S4_scWim_210d_Rep4_04-210_R1_raw	90.02649649201373	54.0	296.2002910882221	45.45454545454545	53592.0
16S_FCS_Hsap_S4_scWim_210d_Rep4_04-210_R2_raw	79.93357217495148	55.0	295.85837438423647	45.45454545454545	53592.0
16S_FCS_Hsap_S4_scWim_21d_Rep4_04-21_R1_raw	94.39909221053438	54.0	300.10519058312065	45.45454545454545	208859.0
16S_FCS_Hsap_S4_scWim_21d_Rep4_04-21_R2_raw	83.44624842597159	55.0	299.79956334177604	45.45454545454545	208859.0
16S_FCS_Hsap_S4_scWim_240d_Rep3_04-240_R1_raw	91.12953002380742	54.0	298.70754657563583	45.45454545454545	79387.0
16S_FCS_Hsap_S4_scWim_240d_Rep3_04-240_R2_raw	81.6430901784927	55.0	298.46746948492824	45.45454545454545	79387.0
16S_FCS_Hsap_S4_scWim_270d_Rep3_04-270_R1_raw	91.53740622180474	53.0	297.87830772843563	45.45454545454545	80909.0
16S_FCS_Hsap_S4_scWim_270d_Rep3_04-270_R2_raw	80.8760459281415	54.0	297.60780630090596	45.45454545454545	80909.0
16S_FCS_Hsap_S4_scWim_300d_Rep4_04-300_R1_raw	90.6423133288058	54.0	295.9994281016549	45.45454545454545	55954.0
16S_FCS_Hsap_S4_scWim_300d_Rep4_04-300_R2_raw	80.55545626764842	55.0	295.60110090431425	45.45454545454545	55954.0
16S_FCS_Hsap_S4_scWim_30d_Rep4_04-30_R1_raw	94.4354228036925	54.0	300.0844775740492	45.45454545454545	228463.0
16S_FCS_Hsap_S4_scWim_30d_Rep4_04-30_R2_raw	84.16592621124646	55.0	299.793804686098	45.45454545454545	228463.0
16S_FCS_Hsap_S4_scWim_330d_Rep4_04-330_R1_raw	91.28434569399155	54.0	298.3996865599959	45.45454545454545	79122.0
16S_FCS_Hsap_S4_scWim_330d_Rep4_04-330_R2_raw	81.84575718510655	55.0	298.17140618285686	45.45454545454545	79122.0
16S_FCS_Hsap_S4_scWim_360d_Rep4_04-360_R1_raw	91.97018681021166	54.0	299.9083228488159	45.45454545454545	125582.0
16S_FCS_Hsap_S4_scWim_360d_Rep4_04-360_R2_raw	82.23073370387476	55.0	299.6536446305999	45.45454545454545	125582.0
16S_FCS_Hsap_S4_scWim_390d_Rep4_04-390_R1_raw	91.74765204231517	54.0	297.10739031736375	45.45454545454545	67399.0
16S_FCS_Hsap_S4_scWim_390d_Rep4_04-390_R2_raw	82.40775085683764	55.0	296.76875027819403	45.45454545454545	67399.0
16S_FCS_Hsap_S4_scWim_420d_Rep4_04-420_R1_raw	90.62063363119415	54.0	298.19093419983756	45.45454545454545	61550.0
16S_FCS_Hsap_S4_scWim_420d_Rep4_04-420_R2_raw	81.09504467912267	55.0	297.9175304630382	45.45454545454545	61550.0
16S_FCS_Hsap_S4_scWim_450d_Rep4_04-450_R1_raw	89.21769809554668	53.0	296.54545127263566	45.45454545454545	27777.0
16S_FCS_Hsap_S4_scWim_450d_Rep4_04-450_R2_raw	79.5658278431796	54.0	296.2322425027901	45.45454545454545	27777.0
16S_FCS_Hsap_S4_scWim_45d_Rep4_04-45_R1_raw	93.85293101462628	54.0	299.79148911666476	45.45454545454545	138928.0
16S_FCS_Hsap_S4_scWim_45d_Rep4_04-45_R2_raw	83.50224576759184	55.0	299.52782736381437	45.45454545454545	138928.0
16S_FCS_Hsap_S4_scWim_490d_Rep4_04-490_R1_raw	90.89796257106104	54.0	297.3314037926885	45.45454545454545	48198.0
16S_FCS_Hsap_S4_scWim_490d_Rep4_04-490_R2_raw	81.12162330387153	55.0	297.01035312668574	45.45454545454545	48198.0
16S_FCS_Hsap_S4_scWim_504d_Rep4_04-504_R1_raw	91.02959741899285	54.0	296.4587833730771	45.45454545454545	42774.0
16S_FCS_Hsap_S4_scWim_504d_Rep4_04-504_R2_raw	80.39930799083555	55.0	296.15616963576	45.45454545454545	42774.0
16S_FCS_Hsap_S4_scWim_520d_Rep4_04-520_R1_raw	89.96923365978535	53.0	298.0847600930036	45.45454545454545	42579.0
16S_FCS_Hsap_S4_scWim_520d_Rep4_04-520_R2_raw	79.67072970243547	55.0	297.7924798609643	45.45454545454545	42579.0
16S_FCS_Hsap_S4_scWim_60d_Rep4_04-60_R1_raw	94.1532698440435	54.0	300.0327312044035	45.45454545454545	183128.0
16S_FCS_Hsap_S4_scWim_60d_Rep4_04-60_R2_raw	84.168996548862	55.0	299.7106559346468	45.45454545454545	183128.0
16S_FCS_Hsap_S4_scWim_75d_Rep4_04-75_R1_raw	92.87571281229489	54.0	299.82013689405625	45.45454545454545	117317.0
16S_FCS_Hsap_S4_scWim_75d_Rep4_04-75_R2_raw	83.11838863932763	55.0	299.5135061414799	45.45454545454545	117317.0
16S_FCS_Hsap_S4_scWim_7d_Rep4_04-7_R1_raw	93.5767825648778	53.0	299.98200113378687	45.45454545454545	190512.0
16S_FCS_Hsap_S4_scWim_7d_Rep4_04-7_R2_raw	83.45091122868901	55.0	299.72008587385574	45.45454545454545	190512.0
16S_FCS_Hsap_S4_scWim_90d_Rep4_04-90_R1_raw	92.65745135017512	54.0	299.34498373158146	45.45454545454545	96506.0
16S_FCS_Hsap_S4_scWim_90d_Rep4_04-90_R2_raw	82.42078212753611	56.0	299.01839263879964	45.45454545454545	96506.0
16S_FCS_Hsap_S5_scAem_plus10d_Rep5_05-plus10_R1_raw	90.85000896003822	54.0	297.42741771698223	45.45454545454545	83705.0
16S_FCS_Hsap_S5_scAem_plus10d_Rep5_05-plus10_R2_raw	81.65223104951914	55.0	297.2845110805806	45.45454545454545	83705.0
16S_FCS_Hsap_S5_scAem_plus3mon_Rep5_05-plus3m_R1_raw	90.8902661739118	54.0	296.9004472181878	45.45454545454545	69541.0
16S_FCS_Hsap_S5_scAem_plus3mon_Rep5_05-plus3m_R2_raw	81.03421003436821	55.0	296.6838411872133	45.45454545454545	69541.0
16S_FCS_Hsap_S5_scBem_minus10d_Rep3_05-minus10_R1_raw	91.02905911616199	53.0	299.1116936504863	45.45454545454545	67139.0
16S_FCS_Hsap_S5_scBem_minus10d_Rep3_05-minus10_R2_raw	81.5263855583193	54.0	298.8127169007581	45.45454545454545	67139.0
16S_FCS_Hsap_S5_scWim_120d_Rep5_05-120_R1_raw	90.08739919223926	54.0	298.30214407230886	45.45454545454545	77003.0
16S_FCS_Hsap_S5_scWim_120d_Rep5_05-120_R2_raw	80.83840889316001	55.0	298.15795488487464	45.45454545454545	77003.0
16S_FCS_Hsap_S5_scWim_14d_Rep5_05-14_R1_raw	91.15153683424589	54.0	297.8489920358387	45.45454545454545	128576.0
16S_FCS_Hsap_S5_scWim_14d_Rep5_05-14_R2_raw	81.92897585863614	55.0	297.7066637630662	45.45454545454545	128576.0
16S_FCS_Hsap_S5_scWim_150d_Rep5_05-150_R1_raw	91.03450546556039	54.0	297.00383028227753	45.45454545454545	91116.0
16S_FCS_Hsap_S5_scWim_150d_Rep5_05-150_R2_raw	81.54989244479565	55.0	296.8938166732517	45.45454545454545	91116.0
16S_FCS_Hsap_S5_scWim_180d_Rep5_05-180_R1_raw	91.69293528648248	54.0	297.08958371963655	45.45454545454545	86288.0
16S_FCS_Hsap_S5_scWim_180d_Rep5_05-180_R2_raw	80.7192193584276	55.0	296.9661714259225	45.45454545454545	86288.0
16S_FCS_Hsap_S5_scWim_1d_Rep4_05-1_R1_raw	89.7396351575456	53.0	299.7523880597015	45.45454545454545	60300.0
16S_FCS_Hsap_S5_scWim_1d_Rep4_05-1_R2_raw	75.76119402985074	55.0	299.5551077943615	45.45454545454545	60300.0
16S_FCS_Hsap_S5_scWim_210d_Rep5_05-210_R1_raw	92.16771111792804	54.0	297.1924054515974	45.45454545454545	91276.0
16S_FCS_Hsap_S5_scWim_210d_Rep5_05-210_R2_raw	81.84188614750866	55.0	297.04113896314476	45.45454545454545	91276.0
16S_FCS_Hsap_S5_scWim_21d_Rep5_05-21_R1_raw	92.2518273991983	54.0	297.12926196651733	45.45454545454545	169640.0
16S_FCS_Hsap_S5_scWim_21d_Rep5_05-21_R2_raw	81.79026173072388	56.0	297.07622023107757	45.45454545454545	169640.0
16S_FCS_Hsap_S5_scWim_240d_Rep4_05-240_R1_raw	91.80182803889063	55.0	295.1592589273713	45.45454545454545	89276.0
16S_FCS_Hsap_S5_scWim_240d_Rep4_05-240_R2_raw	81.76105560284958	56.0	295.1985416013262	45.45454545454545	89276.0
16S_FCS_Hsap_S5_scWim_270d_Rep4_05-270_R1_raw	91.28920990884811	55.0	296.88712520138836	45.45454545454545	92483.0
16S_FCS_Hsap_S5_scWim_270d_Rep4_05-270_R2_raw	81.5803985597353	56.0	296.73765989425084	45.45454545454545	92483.0
16S_FCS_Hsap_S5_scWim_300d_Rep5_05-300_R1_raw	91.06409985191453	55.0	297.5436852126084	45.45454545454545	70905.0
16S_FCS_Hsap_S5_scWim_300d_Rep5_05-300_R2_raw	81.71920174881885	55.0	297.3891968126366	45.45454545454545	70905.0
16S_FCS_Hsap_S5_scWim_30d_Rep5_05-30_R1_raw	92.22615971138347	54.0	297.0778791290331	45.45454545454545	156332.0
16S_FCS_Hsap_S5_scWim_30d_Rep5_05-30_R2_raw	82.22628764424431	56.0	296.9231891103549	45.45454545454545	156332.0
16S_FCS_Hsap_S5_scWim_330d_Rep5_05-330_R1_raw	90.89044255091885	55.0	297.41335906586073	45.45454545454545	82386.0
16S_FCS_Hsap_S5_scWim_330d_Rep5_05-330_R2_raw	80.80984633311485	56.0	297.2429296239652	45.45454545454545	82386.0
16S_FCS_Hsap_S5_scWim_360d_Rep5_05-360_R1_raw	91.99812250645388	55.0	296.34767425486973	45.45454545454545	106525.0
16S_FCS_Hsap_S5_scWim_360d_Rep5_05-360_R2_raw	82.66979582257686	56.0	296.3514761793006	45.45454545454545	106525.0
16S_FCS_Hsap_S5_scWim_390d_Rep5_05-390_R1_raw	89.42567862442175	55.0	297.7019071310116	45.45454545454545	45828.0
16S_FCS_Hsap_S5_scWim_390d_Rep5_05-390_R2_raw	80.01440167583137	56.0	297.40676005935234	45.45454545454545	45828.0
16S_FCS_Hsap_S5_scWim_420d_Rep5_05-420_R1_raw	91.69219713302319	55.0	296.82115435530847	45.45454545454545	105756.0
16S_FCS_Hsap_S5_scWim_420d_Rep5_05-420_R2_raw	81.34952154014903	55.0	296.70759105866335	45.45454545454545	105756.0
16S_FCS_Hsap_S5_scWim_450d_Rep5_05-450_R1_raw	90.5622671446791	55.0	297.337872442985	45.45454545454545	99579.0
16S_FCS_Hsap_S5_scWim_450d_Rep5_05-450_R2_raw	80.97088743610601	55.0	297.29021179164283	45.45454545454545	99579.0
16S_FCS_Hsap_S5_scWim_45d_Rep5_05-45_R1_raw	92.41743032123246	55.0	298.4295975321821	45.45454545454545	110543.0
16S_FCS_Hsap_S5_scWim_45d_Rep5_05-45_R2_raw	81.98348154111974	56.0	298.2796649267706	45.45454545454545	110543.0
16S_FCS_Hsap_S5_scWim_490d_Rep5_05-490_R1_raw	91.42507742818785	54.0	297.80262125985297	45.45454545454545	75231.0
16S_FCS_Hsap_S5_scWim_490d_Rep5_05-490_R2_raw	81.32152968855924	55.0	297.62907577993116	45.45454545454545	75231.0
16S_FCS_Hsap_S5_scWim_504d_Rep5_05-504_R1_raw	91.06253880123226	55.0	296.8265921683007	45.45454545454545	85371.0
16S_FCS_Hsap_S5_scWim_504d_Rep5_05-504_R2_raw	81.62022232373991	56.0	296.6566632697286	45.45454545454545	85371.0
16S_FCS_Hsap_S5_scWim_520d_Rep5_05-520_R1_raw	90.91439220110797	54.0	298.21979387193693	45.45454545454545	78883.0
16S_FCS_Hsap_S5_scWim_520d_Rep5_05-520_R2_raw	82.07471825361611	54.0	298.01052191219907	45.45454545454545	78883.0
16S_FCS_Hsap_S5_scWim_60d_Rep5_05-60_R1_raw	91.30760621927335	54.0	297.8088252927775	45.45454545454545	100076.0
16S_FCS_Hsap_S5_scWim_60d_Rep5_05-60_R2_raw	81.70190655102122	55.0	297.57770094728005	45.45454545454545	100076.0
16S_FCS_Hsap_S5_scWim_75d_Rep5_05-75_R1_raw	91.00668241989989	54.0	298.15275554539215	45.45454545454545	78714.0
16S_FCS_Hsap_S5_scWim_75d_Rep5_05-75_R2_raw	81.3641791803237	55.0	297.9790888533171	45.45454545454545	78714.0
16S_FCS_Hsap_S5_scWim_7d_Rep5_05-7_R1_raw	91.34689651772362	53.0	297.35943534206507	45.45454545454545	121702.0
16S_FCS_Hsap_S5_scWim_7d_Rep5_05-7_R2_raw	81.95839016614353	54.0	297.14302147869387	45.45454545454545	121702.0
16S_FCS_Hsap_S5_scWim_90d_Rep5_05-90_R1_raw	90.79330757973288	55.0	296.34967764051316	45.45454545454545	75847.0
16S_FCS_Hsap_S5_scWim_90d_Rep5_05-90_R2_raw	80.92343797381571	56.0	296.3127084789115	45.45454545454545	75847.0
16S_FCS_Hsap_S6_scAem_plus10d_Rep6_06-plus10_R1_raw	92.46725128778907	53.0	297.468907795029	45.45454545454545	137639.0
16S_FCS_Hsap_S6_scAem_plus10d_Rep6_06-plus10_R2_raw	82.30806675433561	54.0	297.45300387244896	45.45454545454545	137639.0
16S_FCS_Hsap_S6_scAem_plus6mon_Rep4_06-plus6m_R1_raw	92.66949543400055	54.0	297.25913661101373	45.45454545454545	108410.0
16S_FCS_Hsap_S6_scAem_plus6mon_Rep4_06-plus6m_R2_raw	82.00166036343511	55.0	297.14577068536113	45.45454545454545	108410.0
16S_FCS_Hsap_S6_scBem_minus10d_Rep4_06-minus10_R1_raw	90.38137740506433	54.0	298.75449953410816	45.45454545454545	61173.0
16S_FCS_Hsap_S6_scBem_minus10d_Rep4_06-minus10_R2_raw	81.73540614323312	54.0	298.49876579536726	45.45454545454545	61173.0
16S_FCS_Hsap_S6_scWim_120d_Rep6_06-120_R1_raw	90.19875070982397	54.0	296.2737081203861	45.45454545454545	70440.0
16S_FCS_Hsap_S6_scWim_120d_Rep6_06-120_R2_raw	81.61697898921068	55.0	296.282950028393	45.45454545454545	70440.0
16S_FCS_Hsap_S6_scWim_14d_Rep6_06-14_R1_raw	91.23307981658932	54.0	298.1119546415529	45.45454545454545	72842.0
16S_FCS_Hsap_S6_scWim_14d_Rep6_06-14_R2_raw	81.45575354877681	55.0	298.1886686252437	45.45454545454545	72842.0
16S_FCS_Hsap_S6_scWim_150d_Rep6_06-150_R1_raw	92.10607428282071	54.0	295.50038528433987	45.45454545454545	90842.0
16S_FCS_Hsap_S6_scWim_150d_Rep6_06-150_R2_raw	82.85925012659342	55.0	295.742718125977	45.45454545454545	90842.0
16S_FCS_Hsap_S6_scWim_180d_Rep6_06-180_R1_raw	89.05891664806283	55.0	295.39234469181906	45.45454545454545	49273.0
16S_FCS_Hsap_S6_scWim_180d_Rep6_06-180_R2_raw	80.88405414730177	56.0	295.6076958983622	45.45454545454545	49273.0
16S_FCS_Hsap_S6_scWim_1d_Rep5_06-1_R1_raw	92.21997229031227	53.0	297.4375343296797	45.45454545454545	121979.0
16S_FCS_Hsap_S6_scWim_1d_Rep5_06-1_R2_raw	81.61732757277892	54.0	297.2412792365899	45.45454545454545	121979.0
16S_FCS_Hsap_S6_scWim_210d_Rep6_06-210_R1_raw	91.52906512798478	54.0	295.2520778343871	45.45454545454545	81455.0
16S_FCS_Hsap_S6_scWim_210d_Rep6_06-210_R2_raw	83.2791111656743	55.0	295.6341047203978	45.45454545454545	81455.0
16S_FCS_Hsap_S6_scWim_21d_Rep6_06-21_R1_raw	90.68591449245699	57.0	290.80786688659595	45.45454545454545	83057.0
16S_FCS_Hsap_S6_scWim_21d_Rep6_06-21_R2_raw	82.14479213070541	57.0	291.81360993052965	45.45454545454545	83057.0
16S_FCS_Hsap_S6_scWim_240d_Rep5_06-240_R1_raw	89.6169190685556	55.0	291.770436411008	45.45454545454545	49128.0
16S_FCS_Hsap_S6_scWim_240d_Rep5_06-240_R2_raw	81.42199967432015	56.0	292.23854014004235	45.45454545454545	49128.0
16S_FCS_Hsap_S6_scWim_270d_Rep5_06-270_R1_raw	90.38692237559782	54.0	297.8331387258273	45.45454545454545	62519.0
16S_FCS_Hsap_S6_scWim_270d_Rep5_06-270_R2_raw	80.66827684383946	55.0	297.6677330091652	45.45454545454545	62519.0
16S_FCS_Hsap_S6_scWim_300d_Rep6_06-300_R1_raw	91.17144775976206	55.0	297.7420320445169	45.45454545454545	52115.0
16S_FCS_Hsap_S6_scWim_300d_Rep6_06-300_R2_raw	81.03808884198408	56.0	297.5004701141706	45.45454545454545	52115.0
16S_FCS_Hsap_S6_scWim_30d_Rep6_06-30_R1_raw	90.40051311288484	53.0	296.42605473204105	45.45454545454545	70160.0
16S_FCS_Hsap_S6_scWim_30d_Rep6_06-30_R2_raw	81.80302166476625	54.0	296.59968643101485	45.45454545454545	70160.0
16S_FCS_Hsap_S6_scWim_330d_Rep6_06-330_R1_raw	91.49734143562476	54.0	296.62901949613877	45.45454545454545	63192.0
16S_FCS_Hsap_S6_scWim_330d_Rep6_06-330_R2_raw	79.70945689327763	55.0	296.41619192302824	45.45454545454545	63192.0
16S_FCS_Hsap_S6_scWim_360d_Rep6_06-360_R1_raw	90.33807401873149	55.0	298.3041598847293	45.45454545454545	37477.0
16S_FCS_Hsap_S6_scWim_360d_Rep6_06-360_R2_raw	80.01974544387224	56.0	298.18171144968915	45.45454545454545	37477.0
16S_FCS_Hsap_S6_scWim_390d_Rep6_06-390_R1_raw	92.68137858929839	55.0	298.04539287803544	45.45454545454545	80343.0
16S_FCS_Hsap_S6_scWim_390d_Rep6_06-390_R2_raw	81.9561131648059	56.0	298.02428338498686	45.45454545454545	80343.0
16S_FCS_Hsap_S6_scWim_420d_Rep6_06-420_R1_raw	91.26557407908514	54.0	298.37131898772896	45.45454545454545	84997.0
16S_FCS_Hsap_S6_scWim_420d_Rep6_06-420_R2_raw	81.47934632987047	55.0	298.2364671694295	45.45454545454545	84997.0
16S_FCS_Hsap_S6_scWim_450d_Rep6_06-450_R1_raw	90.90268093574215	53.0	298.0018645900252	45.45454545454545	63821.0
16S_FCS_Hsap_S6_scWim_450d_Rep6_06-450_R2_raw	81.62673728083233	54.0	298.0329358675044	45.45454545454545	63821.0
16S_FCS_Hsap_S6_scWim_45d_Rep6_06-45_R1_raw	90.09114203237002	54.0	296.1968148941001	45.45454545454545	61662.0
16S_FCS_Hsap_S6_scWim_45d_Rep6_06-45_R2_raw	80.90233855535013	55.0	296.2619927994551	45.45454545454545	61662.0
16S_FCS_Hsap_S6_scWim_490d_Rep6_06-490_R1_raw	88.8360291785601	53.0	298.2472988688022	45.45454545454545	47295.0
16S_FCS_Hsap_S6_scWim_490d_Rep6_06-490_R2_raw	79.23036261761285	54.0	298.1690242097473	45.45454545454545	47295.0
16S_FCS_Hsap_S6_scWim_504d_Rep6_06-504_R1_raw	91.70519605721368	54.0	298.7555039644283	45.45454545454545	101654.0
16S_FCS_Hsap_S6_scWim_504d_Rep6_06-504_R2_raw	81.95152182894918	55.0	298.5642079996852	45.45454545454545	101654.0
16S_FCS_Hsap_S6_scWim_520d_Rep6_06-520_R1_raw	91.6943406669434	54.0	300.41265393662655	45.45454545454545	115632.0
16S_FCS_Hsap_S6_scWim_520d_Rep6_06-520_R2_raw	82.19696969696969	55.0	300.1046596097966	45.45454545454545	115632.0
16S_FCS_Hsap_S6_scWim_60d_Rep6_06-60_R1_raw	91.20446340662947	54.0	295.75723915074093	45.45454545454545	79222.0
16S_FCS_Hsap_S6_scWim_60d_Rep6_06-60_R2_raw	82.13501300143899	55.0	295.78113402842644	45.45454545454545	79222.0
16S_FCS_Hsap_S6_scWim_75d_Rep6_06-75_R1_raw	91.85493840317149	55.0	294.1350228057462	45.45454545454545	93836.0
16S_FCS_Hsap_S6_scWim_75d_Rep6_06-75_R2_raw	83.1812950253634	56.0	294.3303103286585	45.45454545454545	93836.0
16S_FCS_Hsap_S6_scWim_7d_Rep6_06-7_R1_raw	91.15624500239885	55.0	296.08846953462336	45.45454545454545	62530.0
16S_FCS_Hsap_S6_scWim_7d_Rep6_06-7_R2_raw	80.96273788581482	56.0	296.26484887254117	45.45454545454545	62530.0
16S_FCS_Hsap_S6_scWim_90d_Rep6_06-90_R1_raw	91.01563153055254	56.0	290.869347153724	45.45454545454545	59815.0
16S_FCS_Hsap_S6_scWim_90d_Rep6_06-90_R2_raw	81.70860152135752	56.0	291.4891248014712	45.45454545454545	59815.0
